{
 "cells": [
  {
   "cell_type": "code",
   "execution_count": 1,
   "metadata": {},
   "outputs": [],
   "source": [
    "import atomictools as at\n",
    "import plotly.graph_objects as go\n",
    "import plotly.io as pio\n",
    "import numpy as np\n",
    "import matplotlib.pyplot as plt\n",
    "from scipy.interpolate import RegularGridInterpolator\n",
    "pio.renderers.default='iframe'"
   ]
  },
  {
   "cell_type": "code",
   "execution_count": 2,
   "metadata": {},
   "outputs": [
    {
     "data": {
      "text/html": [
       "<iframe\n",
       "    scrolling=\"no\"\n",
       "    width=\"100%\"\n",
       "    height=\"545px\"\n",
       "    src=\"iframe_figures/figure_2.html\"\n",
       "    frameborder=\"0\"\n",
       "    allowfullscreen\n",
       "></iframe>\n"
      ]
     },
     "metadata": {},
     "output_type": "display_data"
    }
   ],
   "source": [
    "R = at.R_hydrog(2, 1)\n",
    "R.plot_R()"
   ]
  },
  {
   "cell_type": "code",
   "execution_count": 3,
   "metadata": {},
   "outputs": [
    {
     "data": {
      "text/plain": [
       "array([0.06097646, 0.15018615])"
      ]
     },
     "execution_count": 3,
     "metadata": {},
     "output_type": "execute_result"
    }
   ],
   "source": [
    "val = R.evaluate([6., 2.])\n",
    "val"
   ]
  },
  {
   "cell_type": "code",
   "execution_count": 4,
   "metadata": {},
   "outputs": [
    {
     "data": {
      "text/html": [
       "<iframe\n",
       "    scrolling=\"no\"\n",
       "    width=\"100%\"\n",
       "    height=\"545px\"\n",
       "    src=\"iframe_figures/figure_4.html\"\n",
       "    frameborder=\"0\"\n",
       "    allowfullscreen\n",
       "></iframe>\n"
      ]
     },
     "metadata": {},
     "output_type": "display_data"
    },
    {
     "data": {
      "text/html": [
       "<iframe\n",
       "    scrolling=\"no\"\n",
       "    width=\"100%\"\n",
       "    height=\"545px\"\n",
       "    src=\"iframe_figures/figure_4.html\"\n",
       "    frameborder=\"0\"\n",
       "    allowfullscreen\n",
       "></iframe>\n"
      ]
     },
     "metadata": {},
     "output_type": "display_data"
    }
   ],
   "source": [
    "px = at.real_ang_function(1, 1, part=\"Re\")\n",
    "px.plot_phase()\n",
    "px2 = at.comb_ang_function(functions=[(1, 1), (1, -1)], coefficients=[-1, 1])\n",
    "px2.plot_phase()"
   ]
  },
  {
   "cell_type": "code",
   "execution_count": 5,
   "metadata": {},
   "outputs": [
    {
     "data": {
      "text/plain": [
       "(0.48860251190291987, 0.4883514758480009)"
      ]
     },
     "execution_count": 5,
     "metadata": {},
     "output_type": "execute_result"
    }
   ],
   "source": [
    "val = px.evaluate(np.pi/2., 0.*np.pi/2.)\n",
    "val2 = px2.evaluate(np.pi/2., 0.*np.pi/2.)\n",
    "np.real(val), np.real(val2)"
   ]
  },
  {
   "cell_type": "code",
   "execution_count": 6,
   "metadata": {},
   "outputs": [
    {
     "data": {
      "text/html": [
       "<iframe\n",
       "    scrolling=\"no\"\n",
       "    width=\"100%\"\n",
       "    height=\"545px\"\n",
       "    src=\"iframe_figures/figure_6.html\"\n",
       "    frameborder=\"0\"\n",
       "    allowfullscreen\n",
       "></iframe>\n"
      ]
     },
     "metadata": {},
     "output_type": "display_data"
    }
   ],
   "source": [
    "orb = at.orbital_hydrog(n=2, l=1, m=1, part=\"Re\")\n",
    "orb.plot_volume()"
   ]
  },
  {
   "cell_type": "code",
   "execution_count": 7,
   "metadata": {},
   "outputs": [
    {
     "data": {
      "text/html": [
       "<iframe\n",
       "    scrolling=\"no\"\n",
       "    width=\"100%\"\n",
       "    height=\"545px\"\n",
       "    src=\"iframe_figures/figure_7.html\"\n",
       "    frameborder=\"0\"\n",
       "    allowfullscreen\n",
       "></iframe>\n"
      ]
     },
     "metadata": {},
     "output_type": "display_data"
    }
   ],
   "source": [
    "orb.plot_volume2()"
   ]
  },
  {
   "cell_type": "code",
   "execution_count": 1,
   "metadata": {},
   "outputs": [],
   "source": [
    "import atomictools as at\n",
    "import plotly.graph_objects as go\n",
    "import plotly.io as pio\n",
    "import numpy as np\n",
    "import matplotlib.pyplot as plt\n",
    "from scipy.interpolate import RegularGridInterpolator\n",
    "pio.renderers.default='iframe'"
   ]
  },
  {
   "cell_type": "code",
   "execution_count": 2,
   "metadata": {},
   "outputs": [
    {
     "data": {
      "text/html": [
       "<iframe\n",
       "    scrolling=\"no\"\n",
       "    width=\"100%\"\n",
       "    height=\"545px\"\n",
       "    src=\"iframe_figures/figure_2.html\"\n",
       "    frameborder=\"0\"\n",
       "    allowfullscreen\n",
       "></iframe>\n"
      ]
     },
     "metadata": {},
     "output_type": "display_data"
    }
   ],
   "source": [
    "R = at.R_hydrog(2, 1)\n",
    "px1 = at.real_ang_function(1, 1, part=\"Re\")\n",
    "orb1 = at.orbital(R, px1)\n",
    "orb1.plot_volume()"
   ]
  },
  {
   "cell_type": "code",
   "execution_count": 3,
   "metadata": {},
   "outputs": [
    {
     "data": {
      "text/html": [
       "<iframe\n",
       "    scrolling=\"no\"\n",
       "    width=\"100%\"\n",
       "    height=\"545px\"\n",
       "    src=\"iframe_figures/figure_3.html\"\n",
       "    frameborder=\"0\"\n",
       "    allowfullscreen\n",
       "></iframe>\n"
      ]
     },
     "metadata": {},
     "output_type": "display_data"
    }
   ],
   "source": [
    "px2 = at.comb_ang_function(functions=[(1, 1), (1, -1)], coefficients=[-1, 1])\n",
    "orb2 = at.orbital(R, px2)\n",
    "orb2.plot_volume()"
   ]
  },
  {
   "cell_type": "code",
   "execution_count": 7,
   "metadata": {},
   "outputs": [
    {
     "data": {
      "text/plain": [
       "array([[[33.47382175, 32.91156951, 32.36990212, ..., 32.36990212,\n",
       "         32.91156951, 33.47382175],\n",
       "        [32.91156951, 32.33954348, 31.7881303 , ..., 31.7881303 ,\n",
       "         32.33954348, 32.91156951],\n",
       "        [32.36990212, 31.7881303 , 31.22698167, ..., 31.22698167,\n",
       "         31.7881303 , 32.36990212],\n",
       "        ...,\n",
       "        [32.36990212, 31.7881303 , 31.22698167, ..., 31.22698167,\n",
       "         31.7881303 , 32.36990212],\n",
       "        [32.91156951, 32.33954348, 31.7881303 , ..., 31.7881303 ,\n",
       "         32.33954348, 32.91156951],\n",
       "        [33.47382175, 32.91156951, 32.36990212, ..., 32.36990212,\n",
       "         32.91156951, 33.47382175]],\n",
       "\n",
       "       [[32.91156951, 32.33954348, 31.7881303 , ..., 31.7881303 ,\n",
       "         32.33954348, 32.91156951],\n",
       "        [32.33954348, 31.75721551, 31.19551078, ..., 31.19551078,\n",
       "         31.75721551, 32.33954348],\n",
       "        [31.7881303 , 31.19551078, 30.62350485, ..., 30.62350485,\n",
       "         31.19551078, 31.7881303 ],\n",
       "        ...,\n",
       "        [31.7881303 , 31.19551078, 30.62350485, ..., 30.62350485,\n",
       "         31.19551078, 31.7881303 ],\n",
       "        [32.33954348, 31.75721551, 31.19551078, ..., 31.19551078,\n",
       "         31.75721551, 32.33954348],\n",
       "        [32.91156951, 32.33954348, 31.7881303 , ..., 31.7881303 ,\n",
       "         32.33954348, 32.91156951]],\n",
       "\n",
       "       [[32.36990212, 31.7881303 , 31.22698167, ..., 31.22698167,\n",
       "         31.7881303 , 32.36990212],\n",
       "        [31.7881303 , 31.19551078, 30.62350485, ..., 30.62350485,\n",
       "         31.19551078, 31.7881303 ],\n",
       "        [31.22698167, 30.62350485, 30.04060927, ..., 30.04060927,\n",
       "         30.62350485, 31.22698167],\n",
       "        ...,\n",
       "        [31.22698167, 30.62350485, 30.04060927, ..., 30.04060927,\n",
       "         30.62350485, 31.22698167],\n",
       "        [31.7881303 , 31.19551078, 30.62350485, ..., 30.62350485,\n",
       "         31.19551078, 31.7881303 ],\n",
       "        [32.36990212, 31.7881303 , 31.22698167, ..., 31.22698167,\n",
       "         31.7881303 , 32.36990212]],\n",
       "\n",
       "       ...,\n",
       "\n",
       "       [[32.36990212, 31.7881303 , 31.22698167, ..., 31.22698167,\n",
       "         31.7881303 , 32.36990212],\n",
       "        [31.7881303 , 31.19551078, 30.62350485, ..., 30.62350485,\n",
       "         31.19551078, 31.7881303 ],\n",
       "        [31.22698167, 30.62350485, 30.04060927, ..., 30.04060927,\n",
       "         30.62350485, 31.22698167],\n",
       "        ...,\n",
       "        [31.22698167, 30.62350485, 30.04060927, ..., 30.04060927,\n",
       "         30.62350485, 31.22698167],\n",
       "        [31.7881303 , 31.19551078, 30.62350485, ..., 30.62350485,\n",
       "         31.19551078, 31.7881303 ],\n",
       "        [32.36990212, 31.7881303 , 31.22698167, ..., 31.22698167,\n",
       "         31.7881303 , 32.36990212]],\n",
       "\n",
       "       [[32.91156951, 32.33954348, 31.7881303 , ..., 31.7881303 ,\n",
       "         32.33954348, 32.91156951],\n",
       "        [32.33954348, 31.75721551, 31.19551078, ..., 31.19551078,\n",
       "         31.75721551, 32.33954348],\n",
       "        [31.7881303 , 31.19551078, 30.62350485, ..., 30.62350485,\n",
       "         31.19551078, 31.7881303 ],\n",
       "        ...,\n",
       "        [31.7881303 , 31.19551078, 30.62350485, ..., 30.62350485,\n",
       "         31.19551078, 31.7881303 ],\n",
       "        [32.33954348, 31.75721551, 31.19551078, ..., 31.19551078,\n",
       "         31.75721551, 32.33954348],\n",
       "        [32.91156951, 32.33954348, 31.7881303 , ..., 31.7881303 ,\n",
       "         32.33954348, 32.91156951]],\n",
       "\n",
       "       [[33.47382175, 32.91156951, 32.36990212, ..., 32.36990212,\n",
       "         32.91156951, 33.47382175],\n",
       "        [32.91156951, 32.33954348, 31.7881303 , ..., 31.7881303 ,\n",
       "         32.33954348, 32.91156951],\n",
       "        [32.36990212, 31.7881303 , 31.22698167, ..., 31.22698167,\n",
       "         31.7881303 , 32.36990212],\n",
       "        ...,\n",
       "        [32.36990212, 31.7881303 , 31.22698167, ..., 31.22698167,\n",
       "         31.7881303 , 32.36990212],\n",
       "        [32.91156951, 32.33954348, 31.7881303 , ..., 31.7881303 ,\n",
       "         32.33954348, 32.91156951],\n",
       "        [33.47382175, 32.91156951, 32.36990212, ..., 32.36990212,\n",
       "         32.91156951, 33.47382175]]])"
      ]
     },
     "execution_count": 7,
     "metadata": {},
     "output_type": "execute_result"
    }
   ],
   "source": [
    "orb1.evaluate()"
   ]
  },
  {
   "cell_type": "code",
   "execution_count": 8,
   "metadata": {},
   "outputs": [
    {
     "data": {
      "text/plain": [
       "array([[[0.28191095+0.j, 0.28665879+0.j, 0.29144853+0.j, ...,\n",
       "         0.29144853+0.j, 0.28665879+0.j, 0.28191095+0.j],\n",
       "        [0.28677133+0.j, 0.29191261+0.j, 0.29687823+0.j, ...,\n",
       "         0.29687823+0.j, 0.29191261+0.j, 0.28677133+0.j],\n",
       "        [0.29141905+0.j, 0.29685578+0.j, 0.3021052 +0.j, ...,\n",
       "         0.3021052 +0.j, 0.29685578+0.j, 0.29141905+0.j],\n",
       "        ...,\n",
       "        [0.40085129+0.j, 0.4083296 +0.j, 0.41555025+0.j, ...,\n",
       "         0.41555025+0.j, 0.4083296 +0.j, 0.40085129+0.j],\n",
       "        [0.40484415+0.j, 0.41210226+0.j, 0.41911239+0.j, ...,\n",
       "         0.41911239+0.j, 0.41210226+0.j, 0.40484415+0.j],\n",
       "        [0.40880734+0.j, 0.41569233+0.j, 0.42263806+0.j, ...,\n",
       "         0.42263806+0.j, 0.41569233+0.j, 0.40880734+0.j]],\n",
       "\n",
       "       [[0.27199408+0.j, 0.27687044+0.j, 0.28158018+0.j, ...,\n",
       "         0.28158018+0.j, 0.27687044+0.j, 0.27199408+0.j],\n",
       "        [0.27674299+0.j, 0.28191095+0.j, 0.28691364+0.j, ...,\n",
       "         0.28691364+0.j, 0.28191095+0.j, 0.27674299+0.j],\n",
       "        [0.28166254+0.j, 0.2870167 +0.j, 0.29244392+0.j, ...,\n",
       "         0.29244392+0.j, 0.2870167 +0.j, 0.28166254+0.j],\n",
       "        ...,\n",
       "        [0.3970808 +0.j, 0.40462896+0.j, 0.41228011+0.j, ...,\n",
       "         0.41228011+0.j, 0.40462896+0.j, 0.3970808 +0.j],\n",
       "        [0.40131312+0.j, 0.40880734+0.j, 0.41606189+0.j, ...,\n",
       "         0.41606189+0.j, 0.40880734+0.j, 0.40131312+0.j],\n",
       "        [0.40550403+0.j, 0.41277398+0.j, 0.41979553+0.j, ...,\n",
       "         0.41979553+0.j, 0.41277398+0.j, 0.40550403+0.j]],\n",
       "\n",
       "       [[0.26157052+0.j, 0.2664504 +0.j, 0.27116215+0.j, ...,\n",
       "         0.27116215+0.j, 0.2664504 +0.j, 0.26157052+0.j],\n",
       "        [0.26638669+0.j, 0.27145047+0.j, 0.27658335+0.j, ...,\n",
       "         0.27658335+0.j, 0.27145047+0.j, 0.26638669+0.j],\n",
       "        [0.27120309+0.j, 0.27645333+0.j, 0.28191095+0.j, ...,\n",
       "         0.28191095+0.j, 0.27645333+0.j, 0.27120309+0.j],\n",
       "        ...,\n",
       "        [0.39327956+0.j, 0.40089308+0.j, 0.40880734+0.j, ...,\n",
       "         0.40880734+0.j, 0.40089308+0.j, 0.39327956+0.j],\n",
       "        [0.397764  +0.j, 0.40532515+0.j, 0.41298947+0.j, ...,\n",
       "         0.41298947+0.j, 0.40532515+0.j, 0.397764  +0.j],\n",
       "        [0.40219352+0.j, 0.40969687+0.j, 0.4169417 +0.j, ...,\n",
       "         0.4169417 +0.j, 0.40969687+0.j, 0.40219352+0.j]],\n",
       "\n",
       "       ...,\n",
       "\n",
       "       [[0.40219352+0.j, 0.40969687+0.j, 0.4169417 +0.j, ...,\n",
       "         0.4169417 +0.j, 0.40969687+0.j, 0.40219352+0.j],\n",
       "        [0.397764  +0.j, 0.40532515+0.j, 0.41298947+0.j, ...,\n",
       "         0.41298947+0.j, 0.40532515+0.j, 0.397764  +0.j],\n",
       "        [0.39327956+0.j, 0.40089308+0.j, 0.40880734+0.j, ...,\n",
       "         0.40880734+0.j, 0.40089308+0.j, 0.39327956+0.j],\n",
       "        ...,\n",
       "        [0.27120309+0.j, 0.27645333+0.j, 0.28191095+0.j, ...,\n",
       "         0.28191095+0.j, 0.27645333+0.j, 0.27120309+0.j],\n",
       "        [0.26638669+0.j, 0.27145047+0.j, 0.27658335+0.j, ...,\n",
       "         0.27658335+0.j, 0.27145047+0.j, 0.26638669+0.j],\n",
       "        [0.26157052+0.j, 0.2664504 +0.j, 0.27116215+0.j, ...,\n",
       "         0.27116215+0.j, 0.2664504 +0.j, 0.26157052+0.j]],\n",
       "\n",
       "       [[0.40550403+0.j, 0.41277398+0.j, 0.41979553+0.j, ...,\n",
       "         0.41979553+0.j, 0.41277398+0.j, 0.40550403+0.j],\n",
       "        [0.40131312+0.j, 0.40880734+0.j, 0.41606189+0.j, ...,\n",
       "         0.41606189+0.j, 0.40880734+0.j, 0.40131312+0.j],\n",
       "        [0.3970808 +0.j, 0.40462896+0.j, 0.41228011+0.j, ...,\n",
       "         0.41228011+0.j, 0.40462896+0.j, 0.3970808 +0.j],\n",
       "        ...,\n",
       "        [0.28166254+0.j, 0.2870167 +0.j, 0.29244392+0.j, ...,\n",
       "         0.29244392+0.j, 0.2870167 +0.j, 0.28166254+0.j],\n",
       "        [0.27674299+0.j, 0.28191095+0.j, 0.28691364+0.j, ...,\n",
       "         0.28691364+0.j, 0.28191095+0.j, 0.27674299+0.j],\n",
       "        [0.27199408+0.j, 0.27687044+0.j, 0.28158018+0.j, ...,\n",
       "         0.28158018+0.j, 0.27687044+0.j, 0.27199408+0.j]],\n",
       "\n",
       "       [[0.40880734+0.j, 0.41569233+0.j, 0.42263806+0.j, ...,\n",
       "         0.42263806+0.j, 0.41569233+0.j, 0.40880734+0.j],\n",
       "        [0.40484415+0.j, 0.41210226+0.j, 0.41911239+0.j, ...,\n",
       "         0.41911239+0.j, 0.41210226+0.j, 0.40484415+0.j],\n",
       "        [0.40085129+0.j, 0.4083296 +0.j, 0.41555025+0.j, ...,\n",
       "         0.41555025+0.j, 0.4083296 +0.j, 0.40085129+0.j],\n",
       "        ...,\n",
       "        [0.29141905+0.j, 0.29685578+0.j, 0.3021052 +0.j, ...,\n",
       "         0.3021052 +0.j, 0.29685578+0.j, 0.29141905+0.j],\n",
       "        [0.28677133+0.j, 0.29191261+0.j, 0.29687823+0.j, ...,\n",
       "         0.29687823+0.j, 0.29191261+0.j, 0.28677133+0.j],\n",
       "        [0.28191095+0.j, 0.28665879+0.j, 0.29144853+0.j, ...,\n",
       "         0.29144853+0.j, 0.28665879+0.j, 0.28191095+0.j]]])"
      ]
     },
     "execution_count": 8,
     "metadata": {},
     "output_type": "execute_result"
    }
   ],
   "source": [
    "px2.evaluate(orb2.theta2, orb2.phi2)"
   ]
  },
  {
   "cell_type": "code",
   "execution_count": null,
   "metadata": {},
   "outputs": [],
   "source": []
  }
 ],
 "metadata": {
  "kernelspec": {
   "display_name": "Python 3",
   "language": "python",
   "name": "python3"
  },
  "language_info": {
   "codemirror_mode": {
    "name": "ipython",
    "version": 3
   },
   "file_extension": ".py",
   "mimetype": "text/x-python",
   "name": "python",
   "nbconvert_exporter": "python",
   "pygments_lexer": "ipython3",
   "version": "3.8.5"
  }
 },
 "nbformat": 4,
 "nbformat_minor": 4
}
